55	4	6.283810	-2.907024	7.204932	8.233585	-6.937776	-0.231390	5.721480	3.790727	6.283810	-1.116209	1.645720	5.359413	1.268541	0.422205	3.304847	5.334182	6.283810	-0.074262	-0.522719	-2.525355	7.425913	5.761204	-0.343634	3.691683	6.283810	-3.024107	6.949699	8.153183	-1.456240	-0.229526	5.698474	3.820669
105	4	7.083048	1.255176	2.085833	2.237321	-7.688870	5.428891	5.930457	-1.744397	7.083048	-0.662075	4.818552	5.443290	-11.662133	0.607690	5.930457	0.714377	7.083048	1.560187	0.410540	0.825212	2.575099	6.943791	1.266646	0.881786	7.083048	1.573666	1.350505	1.971692	-0.749380	6.032559	5.911445	-4.054125
113	4	7.360175	1.809096	1.284012	1.727091	-5.419799	4.953674	6.402989	1.355091	7.360175	1.610950	-0.346450	-4.395133	6.207421	6.885477	2.945669	2.610016	7.360175	-2.099036	6.602533	5.757974	-13.060753	1.087148	6.437897	3.263344	7.360175	-1.754358	4.883089	-0.628076	4.853167	6.853889	3.188174	2.552020
220	4	6.403978	2.489178	-7.796198	0.601083	6.643585	6.742192	-1.336479	0.459426	6.403978	-2.143437	2.912339	6.319891	-11.548375	1.140377	5.076451	5.940391	6.403978	2.617262	-3.203448	1.640187	-3.395449	6.689619	5.076370	-0.465660	6.403978	-1.849738	0.651283	4.230015	2.554474	2.052567	-1.336441	6.870466
395	4	5.350602	-2.008741	-5.373777	0.291596	7.896163	5.822176	0.628546	3.339189	5.350602	-1.051108	0.252713	3.767375	-3.019223	0.217488	7.043435	1.826400	5.350602	-2.889172	4.152427	4.515708	-12.789508	-0.494847	7.043436	1.830083	5.350602	-1.051570	0.339683	4.061817	-9.505018	-0.233935	7.043436	1.829129
461	4	4.991451	-6.055711	5.530672	6.574737	-11.825661	0.075970	4.552128	6.247526	4.991451	0.088345	0.942375	-5.549940	1.732313	5.860223	0.234486	1.192442	4.991451	-0.986858	5.303185	2.168156	-10.379403	4.689725	4.552128	1.490160	4.991451	-0.929815	4.919334	-3.810385	0.078261	5.859801	4.020557	1.140661
478	4	6.151240	1.476936	-2.576980	-5.563654	6.191018	6.945709	0.528245	1.637730	6.151240	-1.010379	5.236312	0.385417	-5.976865	6.945686	6.897162	-1.545096	6.151240	-4.980536	6.359118	5.958680	-13.077881	0.752896	6.897162	4.472121	6.151240	1.707128	1.047350	-0.026634	-0.260158	6.945704	6.212339	-1.514230
960	4	7.020432	2.122646	-1.847195	-3.095582	6.028321	7.510752	0.774711	3.833418	7.020432	-1.201375	7.813875	4.366706	-7.866756	6.054980	5.156131	2.749426	7.020432	-3.403926	7.892764	6.651547	-9.338530	4.366095	5.339929	5.334281	7.020432	2.472788	2.649679	2.851695	-6.634690	6.821506	4.836815	3.020504
1114	4	4.508117	-2.806582	7.130359	2.219437	-10.118529	8.074788	8.119111	-1.811694	4.508117	-2.692494	3.227965	-1.554384	1.493351	8.155793	2.118875	1.565757	4.508117	1.207177	-2.088318	-6.724453	4.771832	8.155825	1.579478	1.573868	4.508117	-6.534778	7.137850	5.434894	-10.392512	3.441508	8.119111	3.012547
1286	4	7.178020	-0.497833	-5.165920	3.314538	4.493340	4.147239	1.314035	6.934265	7.178020	-0.501839	1.172967	7.145093	-8.012191	3.436077	4.995764	6.122561	7.178020	0.567199	-6.251058	-1.644679	7.532649	6.750917	1.314035	1.795192	7.178020	-3.323802	3.968779	7.324570	-12.078849	3.436067	4.995764	6.122561
1448	4	6.212533	-1.512920	6.569497	6.129564	-15.243834	1.869570	7.118827	4.350279	6.212533	-0.425377	0.084751	2.010657	5.274367	2.701493	2.865879	6.786494	6.212533	0.707182	-1.566423	0.699777	-0.343793	4.044263	6.499699	1.640096	6.212533	0.708210	-1.709490	-1.553178	6.311900	5.327226	2.274105	0.879653
1478	4	6.230410	0.146598	1.960429	1.405001	-9.339242	4.599477	6.968354	-0.509028	6.230410	-2.813163	6.630059	5.020149	-18.228112	2.205471	6.968354	2.284417	6.230410	0.090394	-0.609136	-4.407306	3.209698	6.251958	1.228956	1.157947	6.230410	-1.854795	6.070046	-0.979885	-0.691920	6.128534	4.075609	0.810973
1879	4	8.846647	-1.083574	0.881615	7.734767	-7.093594	0.739331	5.014932	5.629202	8.846647	-0.967075	-0.243823	6.996004	-0.427438	0.739339	3.860390	6.444524	8.846647	-1.889844	4.459901	7.809217	-7.487173	0.739331	5.015343	5.628627	8.846647	-1.792111	3.586961	7.238841	-0.848319	0.739334	3.960830	6.418896
2040	4	6.624155	1.302928	-3.676179	0.004077	6.799871	6.814524	-0.490522	-0.087420	6.624155	0.315761	1.074930	4.764264	-5.757855	2.379015	5.287163	4.642831	6.624155	-1.936933	6.781693	5.901694	-10.299192	1.946044	5.287163	4.642962	6.624155	1.643131	0.243871	2.876945	-5.387051	6.666084	5.287163	-0.480376
2060	4	6.698328	1.958378	-3.572846	-4.593157	6.192354	8.339830	0.528675	2.670589	6.698328	-6.253783	5.778496	7.567057	-12.771200	1.921925	6.458919	4.774447	6.698328	-0.160269	-0.795432	6.893652	-3.412583	1.922045	6.458919	4.774447	6.698328	-0.160269	-0.795431	6.918424	-8.700081	1.922036	6.458919	4.774447
2132	4	6.113385	-3.336837	-1.316212	-1.865944	1.443577	6.829992	4.500983	4.575313	6.113385	-5.295203	5.942117	4.653052	-11.501827	2.385964	8.297849	1.227674	6.113385	-1.116793	0.885596	4.393032	-7.384535	2.758218	8.297849	1.219137	6.113385	-9.482347	5.071970	-1.858090	1.411587	6.829938	4.535538	4.551663
2800	4	7.297536	-1.075982	7.830924	7.773807	-9.577011	2.176759	9.403874	-0.272554	7.297536	2.607922	1.381676	-2.609989	7.230645	8.277462	2.824454	-0.275407	7.297536	-1.075910	6.746613	3.430922	4.053094	7.662312	2.831014	-0.226388	7.297536	2.375196	2.471151	1.735996	-3.809823	8.276791	9.401530	-6.713872
2811	4	6.573332	1.906370	-8.957557	-5.004616	6.404669	7.659200	0.034715	1.211382	6.573332	1.907900	-2.569239	1.571411	-6.698637	5.463878	6.243156	0.208792	6.573332	-4.473119	3.873040	3.624937	-12.762641	1.722556	6.243156	5.044231	6.573332	-0.079277	-1.215700	2.772146	-7.448034	2.020470	6.243156	5.041831
3113	4	7.083550	-3.094110	1.606012	-1.764065	4.139551	5.968081	1.072702	1.999806	7.083550	-3.082965	1.656865	1.003472	-0.306155	5.965800	6.686034	0.441492	7.083550	0.611400	-2.647592	-8.176612	8.119739	5.968082	1.072630	1.999806	7.083550	-3.184637	6.883245	2.387971	-4.339968	5.887382	6.993585	0.409923
3566	4	6.118752	0.916397	-4.264797	-0.480006	7.229732	6.288427	0.846271	3.310532	6.118752	-3.839266	6.697348	6.564459	-10.530936	3.262426	6.690268	2.857100	6.118752	-0.113350	1.863009	5.701087	-7.088191	3.894414	6.690268	2.850375	6.118752	-5.659108	5.877784	6.544474	-0.881031	3.276871	3.600108	6.047054
3759	4	3.246475	-3.705447	5.817225	5.972630	-15.131426	-0.682929	6.178226	2.589943	3.246475	-0.883494	-0.475478	-1.900590	4.437310	5.934771	0.164523	4.161955	3.246475	0.263513	2.951748	-0.472513	-3.948053	5.934656	6.174830	1.215798	3.246475	0.248071	2.960999	3.752696	-8.088356	-0.643143	6.178226	2.589943
3771	4	7.413473	2.908082	1.708358	0.835262	-6.151737	6.515093	8.900392	-7.126980	7.413473	-2.063256	7.416497	6.656970	-15.285551	5.619950	8.900392	-5.073102	7.413473	2.757530	-2.992986	-5.460168	5.579226	6.532001	2.961099	-1.616395	7.413473	-2.222293	5.716094	0.621129	1.673681	6.519376	2.962269	-1.600036
3895	4	7.148093	1.052999	1.209553	3.004688	-9.288629	6.112524	5.367949	3.693804	7.148093	0.522003	1.748557	4.692353	-9.344858	1.198655	5.372106	5.558738	7.148093	-2.644893	6.799658	6.814609	-10.307344	0.235324	5.424056	5.431640	7.148093	0.864415	-2.164114	-1.520619	4.298906	6.190660	-0.562535	4.401233
4062	4	5.214857	0.230793	0.286436	-3.787956	-2.838230	4.585634	7.107170	-0.260892	5.214857	-3.279479	5.073593	5.221455	-17.270773	2.874927	7.108891	0.887433	5.214857	-0.182516	-5.119753	-2.781095	2.526585	4.578303	3.464946	3.708536	5.214857	0.230789	0.286528	1.865828	-6.461117	4.268646	7.108891	-0.025707
4322	4	6.181417	1.392256	-4.349186	-4.518783	8.484802	6.268694	0.022448	2.076883	6.181417	-6.442442	6.580682	4.999946	-9.466513	1.548077	6.432347	6.577358	6.181417	-2.338741	6.099805	2.185125	-5.543583	6.190422	6.432300	0.500967	6.181417	-2.644508	6.248394	2.234083	-1.768143	6.173365	0.493936	2.073006
4928	4	4.907618	0.596144	-0.450913	3.894210	-7.328662	0.472674	7.308345	0.835194	4.907618	-1.623818	-1.954835	3.224429	4.882210	1.392311	1.477132	6.354810	4.907618	-3.317465	5.372836	7.443893	-17.225497	0.323171	7.308471	0.835210	4.907618	0.400389	-6.651995	-0.540913	6.330589	6.608505	1.441733	1.879902
4962	4	6.630419	-0.974338	-0.613778	2.186823	1.165383	5.167099	1.495998	6.149141	6.630419	0.559661	1.781136	4.544700	-3.847624	4.094112	6.158840	1.841324	6.630419	-1.967654	7.084886	6.022048	-7.904599	3.058530	6.158841	2.017021	6.630419	-0.915508	-1.472703	-0.793185	7.705787	5.569028	0.086723	6.055115
5076	4	4.640905	0.522645	1.476256	4.172313	-9.671434	3.422272	6.009641	2.751256	4.640905	-3.714711	4.532722	6.394943	-17.121618	0.572560	6.009641	2.756293	4.640905	0.706443	-4.294372	-2.253838	6.805708	6.640746	-0.465776	2.547517	4.640905	1.384528	0.925635	3.506016	-7.040022	5.972213	6.009639	-1.492118
5138	4	8.263212	3.336698	1.582972	4.589046	-6.931080	1.914313	7.592589	-0.320436	8.263212	-0.015846	5.454708	4.593505	-8.088306	1.906147	7.592590	-0.320434	8.263212	3.363762	-4.579188	-0.099759	6.193644	7.022040	4.326069	-5.738558	8.263212	3.361920	0.399317	4.076149	-0.580324	3.002424	7.434721	-0.321953
5349	4	6.529822	1.966995	-4.410697	-3.909205	7.201338	6.536015	0.672564	1.962323	6.529822	-1.083450	1.642701	7.110507	-6.454645	0.918825	6.858054	5.250535	6.529822	1.997248	0.941270	2.495473	-3.109714	6.529934	6.851158	0.771805	6.529822	-6.385304	5.777735	7.397233	-10.300214	0.918773	6.858121	5.250506
5407	4	6.129246	-1.157588	5.208508	4.064186	-8.537448	2.638966	6.733119	1.490155	6.129246	2.301758	1.522247	1.849496	-4.726894	5.645285	6.733119	0.162799	6.129246	-1.483869	1.358480	-1.769559	3.061037	6.280112	1.197800	5.044522	6.129246	-0.153954	0.800235	0.708264	1.171772	6.245321	4.050604	3.752289
5437	4	6.466690	0.902736	-1.059722	2.078906	-6.459549	4.357873	6.078937	2.028439	6.466690	-1.622940	4.809117	7.637538	-11.952781	0.430276	6.078937	3.868501	6.466690	-0.282192	1.210002	3.868740	-9.591458	0.444264	6.078937	3.868077	6.466690	0.897206	-7.659698	-1.327137	6.715622	7.047473	0.947839	2.335705
5622	4	7.655848	2.909623	1.597308	0.180160	-3.047234	7.279522	5.629319	0.919709	7.655848	-3.266536	6.008109	4.896923	-11.013829	2.171640	5.637736	6.659781	7.655848	2.500883	-4.146130	-4.072443	5.274137	7.283608	-0.987497	2.678958	7.655848	0.186985	1.736591	3.927231	-4.252221	4.394141	5.637047	6.191587
5671	4	6.057596	-4.296188	7.480720	7.730104	-12.584470	2.133008	5.853127	7.604267	6.057596	0.598776	1.778515	5.240083	-7.992844	2.222446	5.853127	7.600761	6.057596	1.668066	-1.278805	-3.538364	5.090256	7.056257	-0.543793	3.153977	6.057596	2.519179	1.540962	2.743050	-5.916331	6.541159	5.853127	1.943043
5880	4	6.655159	0.636110	-0.516280	-3.273537	8.240451	5.616502	0.086501	2.943416	6.655159	-1.561915	6.283172	5.315675	-8.794280	1.099588	6.598851	4.713855	6.655159	-1.793313	1.225883	0.018890	6.065576	4.776701	0.123803	5.980656	6.655159	-1.564285	6.144048	5.314128	-2.965495	1.100517	6.581873	4.725431
6497	4	6.311808	1.432328	1.031222	4.043749	-3.219804	3.227877	4.947620	1.879091	6.311808	1.416632	-3.280657	1.421428	6.320792	6.384175	-0.130601	2.038612	6.311808	-3.511829	6.251084	6.108519	-13.250552	0.712492	5.119721	1.772063	6.311808	1.440315	1.544844	4.116587	-9.083837	2.958304	5.116751	1.773907
6577	4	5.930658	-3.886875	7.390592	6.518676	-11.147103	-2.018387	5.900939	5.984212	5.930658	-4.667395	4.089197	1.526814	3.246418	2.624900	-0.529770	7.344747	5.930658	0.173267	0.879665	-0.038451	5.077439	2.695353	-0.601188	7.338695	5.930658	-3.681718	4.033189	1.570350	-0.452275	2.620085	5.815512	6.009445
6662	4	7.244369	-4.181903	8.160470	6.958303	-17.515081	-0.066465	5.148422	4.544945	7.244369	1.190311	1.607658	2.426803	-6.393940	5.115969	5.148422	0.279171	7.244369	-0.004922	1.785914	3.730674	-7.486836	0.781012	5.148422	4.540956	7.244369	1.188922	-4.791374	-2.902479	4.746184	6.028952	0.293847	0.902845
7077	4	4.059775	-1.491884	-5.021744	-0.676121	6.597166	8.798015	3.270800	1.509923	4.059775	-1.579603	1.552158	5.623332	-4.818237	5.180747	5.750183	1.862206	4.059775	-0.410187	1.551882	4.302605	-4.508752	6.800943	5.750183	0.325338	4.059775	-5.462455	5.724393	5.716898	-10.434751	5.092591	5.750183	2.152255
8349	4	5.100802	-7.082762	7.576383	9.433636	-14.855813	-2.739351	7.590645	2.112187	5.100802	-7.209789	5.556582	2.793782	2.329457	-2.379621	2.918120	8.335998	5.100802	-1.355898	-3.233729	1.694031	6.431360	-0.860067	2.874218	8.336337	5.100802	-1.295604	1.435297	8.205577	-11.084121	-2.739346	7.590645	2.112187
8422	4	8.110617	-1.263014	1.464272	4.295464	-16.897539	1.505904	5.080493	5.340681	8.110617	-3.618373	3.841004	4.372188	-17.102028	1.503254	5.080493	5.340681	8.110617	0.900941	-2.261156	-1.116093	-4.511015	5.653300	5.080453	2.361369	8.110617	0.765860	-7.457981	-7.111362	5.000693	5.653301	0.595988	3.345534
8430	4	6.913347	-1.828058	7.311041	5.293481	-13.876325	1.738637	7.199996	-2.604108	6.913347	-1.786572	4.379053	0.599919	4.583124	7.417254	3.427391	-4.488181	6.913347	1.473575	1.108642	0.832610	-7.631339	7.404562	7.199994	-7.320779	6.913347	1.775113	-1.943396	-4.069773	4.945119	7.431394	3.427313	-4.515062
8432	4	6.980618	-4.309559	7.112530	7.030563	-10.693928	0.376729	1.241654	4.344782	6.980618	-0.107771	-3.393151	4.886676	1.874302	0.377367	-0.399800	4.344974	6.980618	-0.189782	2.299224	6.569989	-4.302159	0.376730	1.193854	4.344806	6.980618	1.306766	-4.064651	-1.689910	6.702445	6.971277	-2.491585	0.688160
8731	4	5.713114	1.065694	2.559506	-6.139502	8.011354	7.021324	-0.458652	0.305379	5.713114	-2.192967	7.079804	-0.376012	4.531900	6.742622	-0.458394	0.957088	5.713114	-2.264472	8.440048	5.730663	-7.689454	3.291665	6.087152	1.611096	5.713114	-3.043141	7.557923	5.016824	-0.486435	3.666008	2.951011	4.202498
8754	4	6.081480	-2.548547	7.731558	-6.288969	2.582917	9.856886	3.446417	-2.113137	6.081480	-2.552105	8.727682	-0.176447	-8.457250	9.856857	6.974285	-4.401282	6.081480	2.926494	1.941184	-7.411224	6.757592	9.856886	1.195211	-0.804331	6.081480	1.936872	3.056441	-0.811574	-4.102470	9.856881	6.818319	-4.386305
8907	4	5.408178	-5.240987	7.744205	7.628475	-9.623774	-0.365539	6.794344	-1.676059	5.408178	-5.240971	6.245333	1.950314	-0.860679	-0.365510	6.761101	-1.637469	5.408178	-5.074219	3.915125	1.946414	2.921728	-0.365509	1.448982	2.963955	5.408178	-0.332743	1.100586	1.759664	5.431092	-0.365474	1.380632	2.967113
8954	4	1.319351	3.014550	1.567877	0.478812	-6.923966	6.094808	8.258015	-3.330478	1.319351	-0.142075	5.685271	3.939232	-12.717751	5.626294	8.258015	-2.625438	1.319351	3.015755	-3.980225	-3.761053	3.204834	6.094948	6.166402	-3.319001	1.319351	3.015754	-0.230385	-1.191349	-0.178418	6.094947	8.046510	-3.330504
8963	4	4.255652	-0.564501	-2.777637	-3.154543	6.228739	5.788321	2.149576	5.474716	4.255652	-0.610570	3.010354	2.730918	-9.374382	2.711515	6.751702	1.966223	4.255652	1.168564	0.030427	-0.537015	-4.784786	5.670981	6.751702	1.200300	4.255652	-4.985308	3.015904	-2.115305	2.585413	5.777604	2.151047	5.494167
9059	4	6.146277	-0.169271	-3.083798	-6.417198	5.236933	6.682322	1.542690	0.535990	6.146277	-6.084270	7.833941	5.301543	-11.790109	1.524310	7.377433	1.985667	6.146277	0.399422	1.404922	-0.031778	-3.637920	6.682285	7.365321	-3.297749	6.146277	-3.897801	7.596183	-0.019982	-6.188836	6.682283	7.377079	-3.306036
9132	4	5.005545	0.293449	1.524874	5.193787	-14.807405	0.352001	7.477182	4.764144	5.005545	1.917581	1.521851	1.042351	-9.528058	6.704095	7.477182	0.150008	5.005545	-3.752657	6.649772	6.324390	-16.279470	0.349323	7.477182	4.764144	5.005545	1.983951	-3.627481	-1.612309	4.015404	6.738807	0.973381	1.359298
9136	4	9.775339	-0.066364	0.039159	-0.780073	6.681329	6.636638	0.310363	4.912345	9.775339	-0.084204	1.563531	3.884228	-7.339457	3.741520	5.315588	7.306170	9.775339	-5.611336	6.862868	5.756647	-13.949865	3.432436	5.315588	7.309281	9.775339	-5.524182	5.798791	1.130440	1.481086	6.509388	0.326910	4.939481
9418	4	6.536699	-1.843821	-2.531978	5.901500	2.758675	4.753769	0.438452	1.704644	6.536699	-6.856194	5.714716	8.631386	-7.642728	3.869087	5.928091	2.738104	6.536699	-2.948937	3.460972	8.630810	-1.928868	3.869178	3.395591	3.647595	6.536699	-2.474821	3.418211	8.630794	-5.317242	3.869181	5.861928	2.773366
9588	4	9.277899	-2.500026	7.553291	6.689994	-12.706498	0.759643	7.624220	5.067946	9.277899	0.992582	4.551471	-1.967138	0.383134	5.517848	7.186925	-0.956974	9.277899	0.993126	6.234109	2.796965	-4.905392	5.079437	7.624220	-1.153927	9.277899	1.012978	3.370083	-2.339191	6.259852	5.518130	1.398605	0.628998
9589	4	7.832472	1.616084	2.157897	6.328778	-5.637300	1.677481	4.877206	4.490008	7.832472	1.199770	-4.367548	3.509532	2.123702	1.677521	-1.115413	5.245603	7.832472	-1.584689	7.086625	6.329846	-12.049163	1.677481	4.877213	4.490006	7.832472	1.233449	-4.382676	0.907667	6.575470	1.731363	-1.123752	5.062097
9805	4	6.739616	-0.650569	-2.073156	6.384545	-9.380564	0.159273	6.447445	4.821226	6.739616	-6.704920	4.256754	8.135122	-12.886993	0.159271	6.448665	4.820189	6.739616	0.988257	-7.535530	-2.173195	6.252983	5.802090	1.809001	2.168998	6.739616	1.249725	-7.526869	0.546264	1.590840	5.800483	4.966741	1.422886
